0.0000 0.0000
0.0200 0.0000
0.0400 0.0000
0.0600 0.0000
0.0800 0.0000
0.1000 0.0000
0.1200 0.0000
0.1400 0.0000
0.1600 0.0000
0.1800 0.0000
0.2000 0.0000
0.2200 0.0000
0.2400 0.0000
0.2600 0.0000
0.2800 0.0000
0.3000 0.0000
0.3200 0.0000
0.3400 0.0000
0.3600 0.0000
0.3800 0.0000
0.4000 0.0000
0.4200 0.0000
0.4400 0.0000
0.4600 0.0000
0.4800 0.0000
0.5000 0.0000
0.5200 0.0000
0.5400 0.0000
0.5600 0.0000
0.5800 0.0000
0.6000 0.0000
0.6200 0.0000
0.6400 0.0000
0.6600 0.0000
0.6800 0.0000
0.7000 0.0000
0.7200 0.0000
0.7400 0.0000
0.7600 0.0000
0.7800 0.0000
0.8000 0.0000
0.8200 0.0000
0.8400 0.0000
0.8600 0.0000
0.8800 0.0009
0.9000 0.0081
0.9200 0.0617
0.9400 0.1927
0.9600 0.5200
0.9800 0.9929
1.0000 1.5562
1.0200 2.0316
1.0400 2.4530
1.0600 2.7375
1.0800 2.8661
1.1000 2.8773
1.1200 2.8498
1.1400 2.7211
1.1600 2.5637
1.1800 2.4235
1.2000 2.2882
1.2200 2.1812
1.2400 2.0428
1.2600 1.9116
1.2800 1.7636
1.3000 1.7109
1.3200 1.6237
1.3400 1.5418
1.3600 1.4686
1.3800 1.4173
1.4000 1.3621
1.4200 1.3086
1.4400 1.2926
1.4600 1.2361
1.4800 1.2079
1.5000 1.1636
1.5200 1.1319
1.5400 1.1496
1.5600 1.1169
1.5800 1.1134
1.6000 1.1116
1.6200 1.0819
1.6400 1.0852
1.6600 1.0735
1.6800 1.0774
1.7000 1.0820
1.7200 1.0881
1.7400 1.1097
1.7600 1.0836
1.7800 1.1283
1.8000 1.1193
1.8200 1.1228
1.8400 1.1485
1.8600 1.1728
1.8800 1.1837
1.9000 1.2015
1.9200 1.1982
1.9400 1.2342
1.9600 1.2429
1.9800 1.2747
2.0000 1.2807
2.0200 1.3116
2.0400 1.3147
2.0600 1.3071
2.0800 1.3348
2.1000 1.3465
2.1200 1.3453
2.1400 1.3430
2.1600 1.3320
2.1800 1.3389
2.2000 1.3275
2.2200 1.3315
2.2400 1.3253
2.2600 1.3077
2.2800 1.2970
2.3000 1.2824
2.3200 1.2739
2.3400 1.2550
2.3600 1.2476
2.3800 1.2337
2.4000 1.2290
2.4200 1.2188
2.4400 1.2054
2.4600 1.1930
2.4800 1.1864
2.5000 1.1762
2.5200 1.1891
2.5400 1.1708
2.5600 1.1719
2.5800 1.1678
2.6000 1.1457
2.6200 1.1641
2.6400 1.1449
2.6600 1.1496
2.6800 1.1395
2.7000 1.1536
2.7200 1.1422
2.7400 1.1497
2.7600 1.1493
2.7800 1.1398
2.8000 1.1431
2.8200 1.1403
2.8400 1.1456
2.8600 1.1447
2.8800 1.1521
2.9000 1.1541
2.9200 1.1525
2.9400 1.1559
2.9600 1.1479
2.9800 1.1543
3.0000 1.1649
3.0200 1.1520
3.0400 1.1572
3.0600 1.1621
3.0800 1.1605
3.1000 1.1504
3.1200 1.1542
3.1400 1.1549
3.1600 1.1540
3.1800 1.1508
3.2000 1.1465
3.2200 1.1399
3.2400 1.1425
3.2600 1.1401
3.2800 1.1399
3.3000 1.1364
3.3200 1.1255
3.3400 1.1355
3.3600 1.1236
3.3800 1.1217
3.4000 1.1163
3.4200 1.1188
3.4400 1.1125
3.4600 1.1120
3.4800 1.1049
3.5000 0.0000
