0.0000 0.0000
0.0200 0.0000
0.0400 0.0000
0.0600 0.0000
0.0800 0.0000
0.1000 0.0000
0.1200 0.0000
0.1400 0.0000
0.1600 0.0000
0.1800 0.0000
0.2000 0.0000
0.2200 0.0000
0.2400 0.0000
0.2600 0.0000
0.2800 0.0000
0.3000 0.0000
0.3200 0.0000
0.3400 0.0000
0.3600 0.0000
0.3800 0.0000
0.4000 0.0000
0.4200 0.0000
0.4400 0.0000
0.4600 0.0000
0.4800 0.0000
0.5000 0.0000
0.5200 0.0000
0.5400 0.0000
0.5600 0.0000
0.5800 0.0000
0.6000 0.0000
0.6200 0.0000
0.6400 0.0000
0.6600 0.0000
0.6800 0.0000
0.7000 0.0000
0.7200 0.0000
0.7400 0.0000
0.7600 0.0000
0.7800 0.0000
0.8000 0.0000
0.8200 0.0000
0.8400 0.0000
0.8600 0.0005
0.8800 0.0086
0.9000 0.0715
0.9200 0.3411
0.9400 0.9958
0.9600 1.9382
0.9800 2.9369
1.0000 3.5760
1.0200 3.7876
1.0400 3.6915
1.0600 3.3228
1.0800 2.8721
1.1000 2.4308
1.1200 1.9988
1.1400 1.6673
1.1600 1.3657
1.1800 1.1517
1.2000 0.9516
1.2200 0.8267
1.2400 0.7170
1.2600 0.6310
1.2800 0.5626
1.3000 0.5074
1.3200 0.4774
1.3400 0.4545
1.3600 0.4333
1.3800 0.4242
1.4000 0.4181
1.4200 0.4149
1.4400 0.4272
1.4600 0.4366
1.4800 0.4530
1.5000 0.4726
1.5200 0.4979
1.5400 0.5334
1.5600 0.5767
1.5800 0.6103
1.6000 0.6708
1.6200 0.7260
1.6400 0.8044
1.6600 0.8796
1.6800 0.9505
1.7000 1.0275
1.7200 1.1204
1.7400 1.1969
1.7600 1.2560
1.7800 1.3089
1.8000 1.3454
1.8200 1.3654
1.8400 1.3641
1.8600 1.3718
1.8800 1.3590
1.9000 1.3439
1.9200 1.3381
1.9400 1.3346
1.9600 1.3300
1.9800 1.3331
2.0000 1.3227
2.0200 1.2996
2.0400 1.2801
2.0600 1.2240
2.0800 1.1750
2.1000 1.1182
2.1200 1.0574
2.1400 0.9941
2.1600 0.9363
2.1800 0.8822
2.2000 0.8353
2.2200 0.7920
2.2400 0.7550
2.2600 0.7258
2.2800 0.7029
2.3000 0.6914
2.3200 0.6828
2.3400 0.6853
2.3600 0.6913
2.3800 0.7013
2.4000 0.7199
2.4200 0.7432
2.4400 0.7769
2.4600 0.8059
2.4800 0.8457
2.5000 0.8844
2.5200 0.9325
2.5400 0.9749
2.5600 1.0135
2.5800 1.0651
2.6000 1.1016
2.6200 1.1337
2.6400 1.1645
2.6600 1.1895
2.6800 1.2050
2.7000 1.2209
2.7200 1.2268
2.7400 1.2235
2.7600 1.2157
2.7800 1.2082
2.8000 1.1940
2.8200 1.1668
2.8400 1.1478
2.8600 1.1229
2.8800 1.0985
2.9000 1.0813
2.9200 1.0560
2.9400 1.0350
2.9600 1.0165
2.9800 0.9983
3.0000 0.9854
3.0200 0.9644
3.0400 0.9486
3.0600 0.9340
3.0800 0.9162
3.1000 0.9086
3.1200 0.8969
3.1400 0.8795
3.1600 0.8694
3.1800 0.8617
3.2000 0.8583
3.2200 0.8577
3.2400 0.8609
3.2600 0.8648
3.2800 0.8637
3.3000 0.8810
3.3200 0.8926
3.3400 0.9107
3.3600 0.9264
3.3800 0.9453
3.4000 0.9742
3.4200 0.9928
3.4400 1.0174
3.4600 1.0330
3.4800 1.0555
3.5000 0.0000
