0.0000 0.0000
0.0200 0.0000
0.0400 0.0000
0.0600 0.0000
0.0800 0.0000
0.1000 0.0000
0.1200 0.0000
0.1400 0.0000
0.1600 0.0000
0.1800 0.0000
0.2000 0.0000
0.2200 0.0000
0.2400 0.0000
0.2600 0.0000
0.2800 0.0000
0.3000 0.0000
0.3200 0.0000
0.3400 0.0000
0.3600 0.0000
0.3800 0.0000
0.4000 0.0000
0.4200 0.0000
0.4400 0.0000
0.4600 0.0000
0.4800 0.0000
0.5000 0.0000
0.5200 0.0000
0.5400 0.0000
0.5600 0.0000
0.5800 0.0000
0.6000 0.0000
0.6200 0.0000
0.6400 0.0000
0.6600 0.0000
0.6800 0.0000
0.7000 0.0000
0.7200 0.0000
0.7400 0.0000
0.7600 0.0000
0.7800 0.0000
0.8000 0.0000
0.8200 0.0001
0.8400 0.0005
0.8600 0.0065
0.8800 0.0462
0.9000 0.1565
0.9200 0.3811
0.9400 0.7335
0.9600 1.1129
0.9800 1.4779
1.0000 1.7771
1.0200 1.9372
1.0400 2.0650
1.0600 2.1022
1.0800 2.0410
1.1000 1.9789
1.1200 1.8852
1.1400 1.7907
1.1600 1.6846
1.1800 1.5926
1.2000 1.4794
1.2200 1.4044
1.2400 1.3011
1.2600 1.2529
1.2800 1.1767
1.3000 1.1220
1.3200 1.0670
1.3400 1.0292
1.3600 0.9888
1.3800 0.9403
1.4000 0.9187
1.4200 0.8873
1.4400 0.8674
1.4600 0.8411
1.4800 0.8310
1.5000 0.8098
1.5200 0.8007
1.5400 0.7929
1.5600 0.7921
1.5800 0.7883
1.6000 0.7915
1.6200 0.7940
1.6400 0.7917
1.6600 0.8034
1.6800 0.8124
1.7000 0.8288
1.7200 0.8439
1.7400 0.8504
1.7600 0.8725
1.7800 0.8873
1.8000 0.9008
1.8200 0.9289
1.8400 0.9320
1.8600 0.9693
1.8800 0.9890
1.9000 1.0096
1.9200 1.0244
1.9400 1.0405
1.9600 1.0709
1.9800 1.0776
2.0000 1.0959
2.0200 1.1067
2.0400 1.1033
2.0600 1.1195
2.0800 1.1243
2.1000 1.1067
2.1200 1.1085
2.1400 1.1102
2.1600 1.0993
2.1800 1.0817
2.2000 1.0815
2.2200 1.0704
2.2400 1.0550
2.2600 1.0542
2.2800 1.0377
2.3000 1.0255
2.3200 1.0231
2.3400 1.0062
2.3600 0.9986
2.3800 0.9914
2.4000 0.9823
2.4200 0.9803
2.4400 0.9738
2.4600 0.9596
2.4800 0.9545
2.5000 0.9651
2.5200 0.9557
2.5400 0.9532
2.5600 0.9529
2.5800 0.9507
2.6000 0.9468
2.6200 0.9509
2.6400 0.9545
2.6600 0.9620
2.6800 0.9590
2.7000 0.9654
2.7200 0.9684
2.7400 0.9739
2.7600 0.9770
2.7800 0.9868
2.8000 0.9904
2.8200 0.9935
2.8400 0.9984
2.8600 1.0009
2.8800 0.9989
2.9000 1.0169
2.9200 1.0129
2.9400 1.0177
2.9600 1.0158
2.9800 1.0219
3.0000 1.0152
3.0200 1.0180
3.0400 1.0241
3.0600 1.0276
3.0800 1.0223
3.1000 1.0250
3.1200 1.0210
3.1400 1.0229
3.1600 1.0165
3.1800 1.0202
3.2000 1.0127
3.2200 1.0105
3.2400 1.0078
3.2600 1.0083
3.2800 1.0096
3.3000 1.0017
3.3200 0.9991
3.3400 0.9998
3.3600 0.9988
3.3800 0.9971
3.4000 0.9951
3.4200 0.9952
3.4400 0.9916
3.4600 0.9873
3.4800 0.9879
3.5000 0.0000
