0.0000 0.0000
0.0200 0.0000
0.0400 0.0000
0.0600 0.0000
0.0800 0.0000
0.1000 0.0000
0.1200 0.0000
0.1400 0.0000
0.1600 0.0000
0.1800 0.0000
0.2000 0.0000
0.2200 0.0000
0.2400 0.0000
0.2600 0.0000
0.2800 0.0000
0.3000 0.0000
0.3200 0.0000
0.3400 0.0000
0.3600 0.0000
0.3800 0.0000
0.4000 0.0000
0.4200 0.0000
0.4400 0.0000
0.4600 0.0000
0.4800 0.0000
0.5000 0.0000
0.5200 0.0000
0.5400 0.0000
0.5600 0.0000
0.5800 0.0000
0.6000 0.0000
0.6200 0.0000
0.6400 0.0000
0.6600 0.0000
0.6800 0.0000
0.7000 0.0000
0.7200 0.0000
0.7400 0.0000
0.7600 0.0000
0.7800 0.0000
0.8000 0.0000
0.8200 0.0000
0.8400 0.0000
0.8600 0.0002
0.8800 0.0078
0.9000 0.0665
0.9200 0.3383
0.9400 0.9559
0.9600 1.9061
0.9800 2.8742
1.0000 3.5496
1.0200 3.8161
1.0400 3.7096
1.0600 3.3670
1.0800 2.9130
1.1000 2.4614
1.1200 2.0434
1.1400 1.6802
1.1600 1.3918
1.1800 1.1568
1.2000 0.9586
1.2200 0.8148
1.2400 0.6966
1.2600 0.6197
1.2800 0.5634
1.3000 0.5064
1.3200 0.4645
1.3400 0.4450
1.3600 0.4259
1.3800 0.4192
1.4000 0.4161
1.4200 0.4156
1.4400 0.4249
1.4600 0.4423
1.4800 0.4522
1.5000 0.4777
1.5200 0.4968
1.5400 0.5367
1.5600 0.5673
1.5800 0.6075
1.6000 0.6647
1.6200 0.7190
1.6400 0.7871
1.6600 0.8578
1.6800 0.9366
1.7000 1.0320
1.7200 1.1123
1.7400 1.1907
1.7600 1.2428
1.7800 1.3111
1.8000 1.3452
1.8200 1.3693
1.8400 1.3835
1.8600 1.3764
1.8800 1.3727
1.9000 1.3560
1.9200 1.3527
1.9400 1.3441
1.9600 1.3324
1.9800 1.3403
2.0000 1.3241
2.0200 1.3059
2.0400 1.2837
2.0600 1.2370
2.0800 1.1844
2.1000 1.1306
2.1200 1.0657
2.1400 1.0045
2.1600 0.9396
2.1800 0.8815
2.2000 0.8290
2.2200 0.7884
2.2400 0.7438
2.2600 0.7168
2.2800 0.6944
2.3000 0.6823
2.3200 0.6680
2.3400 0.6758
2.3600 0.6799
2.3800 0.6925
2.4000 0.7087
2.4200 0.7331
2.4400 0.7680
2.4600 0.8042
2.4800 0.8406
2.5000 0.8837
2.5200 0.9303
2.5400 0.9748
2.5600 1.0168
2.5800 1.0535
2.6000 1.1011
2.6200 1.1365
2.6400 1.1708
2.6600 1.1918
2.6800 1.2137
2.7000 1.2246
2.7200 1.2293
2.7400 1.2392
2.7600 1.2241
2.7800 1.2124
2.8000 1.2013
2.8200 1.1767
2.8400 1.1585
2.8600 1.1365
2.8800 1.1066
2.9000 1.0823
2.9200 1.0579
2.9400 1.0444
2.9600 1.0194
2.9800 1.0028
3.0000 0.9787
3.0200 0.9649
3.0400 0.9466
3.0600 0.9329
3.0800 0.9155
3.1000 0.9017
3.1200 0.8881
3.1400 0.8772
3.1600 0.8646
3.1800 0.8540
3.2000 0.8484
3.2200 0.8476
3.2400 0.8534
3.2600 0.8531
3.2800 0.8593
3.3000 0.8686
3.3200 0.8857
3.3400 0.9034
3.3600 0.9218
3.3800 0.9428
3.4000 0.9694
3.4200 0.9893
3.4400 1.0138
3.4600 1.0381
3.4800 1.0602
3.5000 0.0000
