0.0000 0.0000
0.0200 0.0000
0.0400 0.0000
0.0600 0.0000
0.0800 0.0000
0.1000 0.0000
0.1200 0.0000
0.1400 0.0000
0.1600 0.0000
0.1800 0.0000
0.2000 0.0000
0.2200 0.0000
0.2400 0.0000
0.2600 0.0000
0.2800 0.0000
0.3000 0.0000
0.3200 0.0000
0.3400 0.0000
0.3600 0.0000
0.3800 0.0000
0.4000 0.0000
0.4200 0.0000
0.4400 0.0000
0.4600 0.0000
0.4800 0.0000
0.5000 0.0000
0.5200 0.0000
0.5400 0.0000
0.5600 0.0000
0.5800 0.0000
0.6000 0.0000
0.6200 0.0000
0.6400 0.0000
0.6600 0.0000
0.6800 0.0000
0.7000 0.0000
0.7200 0.0000
0.7400 0.0000
0.7600 0.0000
0.7800 0.0000
0.8000 0.0000
0.8200 0.0000
0.8400 0.0000
0.8600 0.0000
0.8800 0.0003
0.9000 0.0030
0.9200 0.0257
0.9400 0.1402
0.9600 0.4483
0.9800 0.9589
1.0000 1.6334
1.0200 2.2324
1.0400 2.7033
1.0600 2.9157
1.0800 2.9678
1.1000 2.8076
1.1200 2.6143
1.1400 2.3927
1.1600 2.1195
1.1800 1.9126
1.2000 1.6928
1.2200 1.5103
1.2400 1.3549
1.2600 1.2207
1.2800 1.1023
1.3000 1.0056
1.3200 0.9190
1.3400 0.8507
1.3600 0.7880
1.3800 0.7447
1.4000 0.7036
1.4200 0.6715
1.4400 0.6376
1.4600 0.6233
1.4800 0.6079
1.5000 0.5996
1.5200 0.5973
1.5400 0.5812
1.5600 0.5991
1.5800 0.5903
1.6000 0.6126
1.6200 0.6182
1.6400 0.6426
1.6600 0.6702
1.6800 0.6899
1.7000 0.7198
1.7200 0.7582
1.7400 0.7987
1.7600 0.8318
1.7800 0.8789
1.8000 0.9234
1.8200 0.9738
1.8400 1.0091
1.8600 1.0472
1.8800 1.0776
1.9000 1.1177
1.9200 1.1523
1.9400 1.1835
1.9600 1.2071
1.9800 1.2295
2.0000 1.2492
2.0200 1.2627
2.0400 1.2822
2.0600 1.2804
2.0800 1.2763
2.1000 1.2672
2.1200 1.2530
2.1400 1.2362
2.1600 1.2112
2.1800 1.1846
2.2000 1.1547
2.2200 1.1187
2.2400 1.0898
2.2600 1.0555
2.2800 1.0217
2.3000 0.9919
2.3200 0.9672
2.3400 0.9386
2.3600 0.9140
2.3800 0.8914
2.4000 0.8747
2.4200 0.8626
2.4400 0.8421
2.4600 0.8379
2.4800 0.8361
2.5000 0.8339
2.5200 0.8384
2.5400 0.8439
2.5600 0.8487
2.5800 0.8539
2.6000 0.8669
2.6200 0.8737
2.6400 0.8913
2.6600 0.8991
2.6800 0.9213
2.7000 0.9394
2.7200 0.9595
2.7400 0.9794
2.7600 0.9954
2.7800 1.0122
2.8000 1.0247
2.8200 1.0467
2.8400 1.0555
2.8600 1.0686
2.8800 1.0843
2.9000 1.0845
2.9200 1.0966
2.9400 1.0977
2.9600 1.0953
2.9800 1.1026
3.0000 1.0990
3.0200 1.0955
3.0400 1.1005
3.0600 1.0892
3.0800 1.0798
3.1000 1.0684
3.1200 1.0637
3.1400 1.0481
3.1600 1.0467
3.1800 1.0316
3.2000 1.0187
3.2200 1.0062
3.2400 0.9971
3.2600 0.9909
3.2800 0.9807
3.3000 0.9731
3.3200 0.9620
3.3400 0.9568
3.3600 0.9482
3.3800 0.9437
3.4000 0.9447
3.4200 0.9404
3.4400 0.9379
3.4600 0.9377
3.4800 0.9337
3.5000 0.0000
