0.0000 0.0000
0.0200 0.0000
0.0400 0.0000
0.0600 0.0000
0.0800 0.0000
0.1000 0.0000
0.1200 0.0000
0.1400 0.0000
0.1600 0.0000
0.1800 0.0000
0.2000 0.0000
0.2200 0.0000
0.2400 0.0000
0.2600 0.0000
0.2800 0.0000
0.3000 0.0000
0.3200 0.0000
0.3400 0.0000
0.3600 0.0000
0.3800 0.0000
0.4000 0.0000
0.4200 0.0000
0.4400 0.0000
0.4600 0.0000
0.4800 0.0000
0.5000 0.0000
0.5200 0.0000
0.5400 0.0000
0.5600 0.0000
0.5800 0.0000
0.6000 0.0000
0.6200 0.0000
0.6400 0.0000
0.6600 0.0000
0.6800 0.0000
0.7000 0.0000
0.7200 0.0000
0.7400 0.0000
0.7600 0.0000
0.7800 0.0000
0.8000 0.0000
0.8200 0.0000
0.8400 0.0000
0.8600 0.0004
0.8800 0.0070
0.9000 0.0626
0.9200 0.3129
0.9400 0.9196
0.9600 1.8423
0.9800 2.8023
1.0000 3.5023
1.0200 3.8013
1.0400 3.7185
1.0600 3.3821
1.0800 2.9563
1.1000 2.5185
1.1200 2.1018
1.1400 1.7448
1.1600 1.4199
1.1800 1.1819
1.2000 0.9877
1.2200 0.8416
1.2400 0.7302
1.2600 0.6370
1.2800 0.5629
1.3000 0.5037
1.3200 0.4697
1.3400 0.4434
1.3600 0.4189
1.3800 0.4090
1.4000 0.4018
1.4200 0.4008
1.4400 0.4109
1.4600 0.4260
1.4800 0.4339
1.5000 0.4593
1.5200 0.4831
1.5400 0.5175
1.5600 0.5517
1.5800 0.5977
1.6000 0.6478
1.6200 0.7037
1.6400 0.7779
1.6600 0.8447
1.6800 0.9229
1.7000 1.0024
1.7200 1.0881
1.7400 1.1687
1.7600 1.2480
1.7800 1.2988
1.8000 1.3408
1.8200 1.3702
1.8400 1.3866
1.8600 1.3967
1.8800 1.3899
1.9000 1.3758
1.9200 1.3750
1.9400 1.3580
1.9600 1.3530
1.9800 1.3476
2.0000 1.3460
2.0200 1.3291
2.0400 1.3009
2.0600 1.2658
2.0800 1.2129
2.1000 1.1571
2.1200 1.0968
2.1400 1.0195
2.1600 0.9641
2.1800 0.8952
2.2000 0.8401
2.2200 0.7849
2.2400 0.7402
2.2600 0.7040
2.2800 0.6822
2.3000 0.6649
2.3200 0.6511
2.3400 0.6495
2.3600 0.6504
2.3800 0.6604
2.4000 0.6781
2.4200 0.7007
2.4400 0.7344
2.4600 0.7710
2.4800 0.8182
2.5000 0.8605
2.5200 0.9054
2.5400 0.9560
2.5600 1.0064
2.5800 1.0582
2.6000 1.0968
2.6200 1.1453
2.6400 1.1846
2.6600 1.2069
2.6800 1.2312
2.7000 1.2495
2.7200 1.2529
2.7400 1.2556
2.7600 1.2429
2.7800 1.2289
2.8000 1.2157
2.8200 1.1926
2.8400 1.1673
2.8600 1.1448
2.8800 1.1198
2.9000 1.0945
2.9200 1.0694
2.9400 1.0501
2.9600 1.0287
2.9800 1.0054
3.0000 0.9857
3.0200 0.9763
3.0400 0.9600
3.0600 0.9430
3.0800 0.9244
3.1000 0.9103
3.1200 0.8910
3.1400 0.8804
3.1600 0.8618
3.1800 0.8519
3.2000 0.8436
3.2200 0.8352
3.2400 0.8330
3.2600 0.8316
3.2800 0.8343
3.3000 0.8431
3.3200 0.8565
3.3400 0.8714
3.3600 0.8920
3.3800 0.9111
3.4000 0.9398
3.4200 0.9691
3.4400 0.9932
3.4600 1.0269
3.4800 1.0486
3.5000 0.0000
