0.0000 0.0000
0.0200 0.0000
0.0400 0.0000
0.0600 0.0000
0.0800 0.0000
0.1000 0.0000
0.1200 0.0000
0.1400 0.0000
0.1600 0.0000
0.1800 0.0000
0.2000 0.0000
0.2200 0.0000
0.2400 0.0000
0.2600 0.0000
0.2800 0.0000
0.3000 0.0000
0.3200 0.0000
0.3400 0.0000
0.3600 0.0000
0.3800 0.0000
0.4000 0.0000
0.4200 0.0000
0.4400 0.0000
0.4600 0.0000
0.4800 0.0000
0.5000 0.0000
0.5200 0.0000
0.5400 0.0000
0.5600 0.0000
0.5800 0.0000
0.6000 0.0000
0.6200 0.0000
0.6400 0.0000
0.6600 0.0000
0.6800 0.0000
0.7000 0.0000
0.7200 0.0000
0.7400 0.0000
0.7600 0.0000
0.7800 0.0000
0.8000 0.0000
0.8200 0.0000
0.8400 0.0000
0.8600 0.0000
0.8800 0.0002
0.9000 0.0073
0.9200 0.0511
0.9400 0.2007
0.9600 0.5099
0.9800 1.0034
1.0000 1.5645
1.0200 2.0790
1.0400 2.4751
1.0600 2.7755
1.0800 2.9002
1.1000 2.9014
1.1200 2.8696
1.1400 2.7265
1.1600 2.6436
1.1800 2.4248
1.2000 2.3179
1.2200 2.1653
1.2400 2.0586
1.2600 1.9161
1.2800 1.8008
1.3000 1.7227
1.3200 1.6389
1.3400 1.5416
1.3600 1.4773
1.3800 1.4176
1.4000 1.3422
1.4200 1.3243
1.4400 1.2733
1.4600 1.2318
1.4800 1.2190
1.5000 1.1715
1.5200 1.1615
1.5400 1.1368
1.5600 1.1266
1.5800 1.1223
1.6000 1.1204
1.6200 1.0892
1.6400 1.0918
1.6600 1.0836
1.6800 1.0917
1.7000 1.0893
1.7200 1.1052
1.7400 1.1233
1.7600 1.1035
1.7800 1.1158
1.8000 1.1362
1.8200 1.1360
1.8400 1.1631
1.8600 1.1709
1.8800 1.1930
1.9000 1.2103
1.9200 1.2341
1.9400 1.2503
1.9600 1.2653
1.9800 1.2891
2.0000 1.2872
2.0200 1.3140
2.0400 1.3264
2.0600 1.3461
2.0800 1.3671
2.1000 1.3601
2.1200 1.3590
2.1400 1.3634
2.1600 1.3624
2.1800 1.3565
2.2000 1.3569
2.2200 1.3467
2.2400 1.3149
2.2600 1.3149
2.2800 1.2968
2.3000 1.3143
2.3200 1.2792
2.3400 1.2825
2.3600 1.2567
2.3800 1.2499
2.4000 1.2392
2.4200 1.2396
2.4400 1.2259
2.4600 1.2138
2.4800 1.2135
2.5000 1.1941
2.5200 1.1746
2.5400 1.1847
2.5600 1.1813
2.5800 1.1702
2.6000 1.1655
2.6200 1.1719
2.6400 1.1719
2.6600 1.1632
2.6800 1.1666
2.7000 1.1676
2.7200 1.1566
2.7400 1.1638
2.7600 1.1567
2.7800 1.1519
2.8000 1.1628
2.8200 1.1580
2.8400 1.1669
2.8600 1.1648
2.8800 1.1632
2.9000 1.1642
2.9200 1.1695
2.9400 1.1691
2.9600 1.1739
2.9800 1.1754
3.0000 1.1697
3.0200 1.1718
3.0400 1.1790
3.0600 1.1765
3.0800 1.1764
3.1000 1.1705
3.1200 1.1699
3.1400 1.1766
3.1600 1.1785
3.1800 1.1705
3.2000 1.1606
3.2200 1.1578
3.2400 1.1623
3.2600 1.1631
3.2800 1.1587
3.3000 1.1448
3.3200 1.1456
3.3400 1.1514
3.3600 1.1415
3.3800 1.1373
3.4000 1.1262
3.4200 1.1398
3.4400 1.1338
3.4600 1.1253
3.4800 1.1300
3.5000 0.0000
