0.0000 0.0000
0.0200 0.0000
0.0400 0.0000
0.0600 0.0000
0.0800 0.0000
0.1000 0.0000
0.1200 0.0000
0.1400 0.0000
0.1600 0.0000
0.1800 0.0000
0.2000 0.0000
0.2200 0.0000
0.2400 0.0000
0.2600 0.0000
0.2800 0.0000
0.3000 0.0000
0.3200 0.0000
0.3400 0.0000
0.3600 0.0000
0.3800 0.0000
0.4000 0.0000
0.4200 0.0000
0.4400 0.0000
0.4600 0.0000
0.4800 0.0000
0.5000 0.0000
0.5200 0.0000
0.5400 0.0000
0.5600 0.0000
0.5800 0.0000
0.6000 0.0000
0.6200 0.0000
0.6400 0.0000
0.6600 0.0000
0.6800 0.0000
0.7000 0.0000
0.7200 0.0000
0.7400 0.0000
0.7600 0.0000
0.7800 0.0000
0.8000 0.0000
0.8200 0.0000
0.8400 0.0000
0.8600 0.0000
0.8800 0.0009
0.9000 0.0071
0.9200 0.0539
0.9400 0.2155
0.9600 0.5168
0.9800 1.0144
1.0000 1.5959
1.0200 2.0975
1.0400 2.5201
1.0600 2.7826
1.0800 2.9401
1.1000 2.9781
1.1200 2.9124
1.1400 2.7915
1.1600 2.6389
1.1800 2.4766
1.2000 2.3338
1.2200 2.2052
1.2400 2.0964
1.2600 1.9399
1.2800 1.8392
1.3000 1.7445
1.3200 1.6405
1.3400 1.5560
1.3600 1.5059
1.3800 1.4440
1.4000 1.3832
1.4200 1.3308
1.4400 1.3015
1.4600 1.2428
1.4800 1.2186
1.5000 1.2090
1.5200 1.1553
1.5400 1.1555
1.5600 1.1329
1.5800 1.1348
1.6000 1.1113
1.6200 1.1049
1.6400 1.1027
1.6600 1.1014
1.6800 1.0992
1.7000 1.0921
1.7200 1.1125
1.7400 1.1167
1.7600 1.1292
1.7800 1.1325
1.8000 1.1465
1.8200 1.1660
1.8400 1.1762
1.8600 1.1922
1.8800 1.2165
1.9000 1.2142
1.9200 1.2441
1.9400 1.2637
1.9600 1.2676
1.9800 1.3059
2.0000 1.3165
2.0200 1.3266
2.0400 1.3497
2.0600 1.3572
2.0800 1.3664
2.1000 1.3731
2.1200 1.3858
2.1400 1.3871
2.1600 1.3684
2.1800 1.3638
2.2000 1.3559
2.2200 1.3584
2.2400 1.3422
2.2600 1.3302
2.2800 1.3158
2.3000 1.3046
2.3200 1.2993
2.3400 1.2886
2.3600 1.2757
2.3800 1.2714
2.4000 1.2358
2.4200 1.2391
2.4400 1.2312
2.4600 1.2271
2.4800 1.2198
2.5000 1.2068
2.5200 1.2032
2.5400 1.2045
2.5600 1.1842
2.5800 1.1839
2.6000 1.1758
2.6200 1.1787
2.6400 1.1665
2.6600 1.1648
2.6800 1.1620
2.7000 1.1636
2.7200 1.1574
2.7400 1.1602
2.7600 1.1538
2.7800 1.1605
2.8000 1.1716
2.8200 1.1558
2.8400 1.1609
2.8600 1.1667
2.8800 1.1663
2.9000 1.1611
2.9200 1.1694
2.9400 1.1712
2.9600 1.1646
2.9800 1.1764
3.0000 1.1761
3.0200 1.1692
3.0400 1.1667
3.0600 1.1656
3.0800 1.1712
3.1000 1.1692
3.1200 1.1735
3.1400 1.1724
3.1600 1.1654
3.1800 1.1556
3.2000 1.1629
3.2200 1.1496
3.2400 1.1568
3.2600 1.1487
3.2800 1.1468
3.3000 1.1461
3.3200 1.1505
3.3400 1.1362
3.3600 1.1299
3.3800 1.1316
3.4000 1.1274
3.4200 1.1300
3.4400 1.1171
3.4600 1.1237
3.4800 1.1204
3.5000 0.0000
