0.0000 0.0000
0.0200 0.0000
0.0400 0.0000
0.0600 0.0000
0.0800 0.0000
0.1000 0.0000
0.1200 0.0000
0.1400 0.0000
0.1600 0.0000
0.1800 0.0000
0.2000 0.0000
0.2200 0.0000
0.2400 0.0000
0.2600 0.0000
0.2800 0.0000
0.3000 0.0000
0.3200 0.0000
0.3400 0.0000
0.3600 0.0000
0.3800 0.0000
0.4000 0.0000
0.4200 0.0000
0.4400 0.0000
0.4600 0.0000
0.4800 0.0000
0.5000 0.0000
0.5200 0.0000
0.5400 0.0000
0.5600 0.0000
0.5800 0.0000
0.6000 0.0000
0.6200 0.0000
0.6400 0.0000
0.6600 0.0000
0.6800 0.0000
0.7000 0.0000
0.7200 0.0000
0.7400 0.0000
0.7600 0.0000
0.7800 0.0000
0.8000 0.0000
0.8200 0.0000
0.8400 0.0000
0.8600 0.0000
0.8800 0.0007
0.9000 0.0081
0.9200 0.0515
0.9400 0.1959
0.9600 0.4922
0.9800 0.9396
1.0000 1.4826
1.0200 2.0363
1.0400 2.4126
1.0600 2.7028
1.0800 2.8185
1.1000 2.8141
1.1200 2.7719
1.1400 2.6597
1.1600 2.5044
1.1800 2.3872
1.2000 2.2399
1.2200 2.1094
1.2400 1.9570
1.2600 1.8844
1.2800 1.7621
1.3000 1.6804
1.3200 1.6195
1.3400 1.5153
1.3600 1.4281
1.3800 1.3868
1.4000 1.3411
1.4200 1.3206
1.4400 1.2469
1.4600 1.2178
1.4800 1.1899
1.5000 1.1706
1.5200 1.1367
1.5400 1.1226
1.5600 1.0927
1.5800 1.0818
1.6000 1.0791
1.6200 1.0644
1.6400 1.0735
1.6600 1.0577
1.6800 1.0568
1.7000 1.0649
1.7200 1.0738
1.7400 1.0581
1.7600 1.0900
1.7800 1.0818
1.8000 1.1020
1.8200 1.1193
1.8400 1.1395
1.8600 1.1471
1.8800 1.1522
1.9000 1.1772
1.9200 1.1875
1.9400 1.2006
1.9600 1.2136
1.9800 1.2378
2.0000 1.2517
2.0200 1.2608
2.0400 1.2693
2.0600 1.2834
2.0800 1.3086
2.1000 1.2966
2.1200 1.3048
2.1400 1.2963
2.1600 1.3016
2.1800 1.2975
2.2000 1.3005
2.2200 1.2925
2.2400 1.2804
2.2600 1.2666
2.2800 1.2582
2.3000 1.2316
2.3200 1.2287
2.3400 1.2281
2.3600 1.2123
2.3800 1.1961
2.4000 1.1996
2.4200 1.1876
2.4400 1.1833
2.4600 1.1721
2.4800 1.1632
2.5000 1.1506
2.5200 1.1453
2.5400 1.1473
2.5600 1.1466
2.5800 1.1386
2.6000 1.1305
2.6200 1.1335
2.6400 1.1111
2.6600 1.1195
2.6800 1.1232
2.7000 1.1283
2.7200 1.1170
2.7400 1.1225
2.7600 1.1144
2.7800 1.1107
2.8000 1.1246
2.8200 1.1202
2.8400 1.1185
2.8600 1.1247
2.8800 1.1286
2.9000 1.1175
2.9200 1.1165
2.9400 1.1208
2.9600 1.1227
2.9800 1.1187
3.0000 1.1338
3.0200 1.1273
3.0400 1.1239
3.0600 1.1183
3.0800 1.1218
3.1000 1.1123
3.1200 1.1255
3.1400 1.1219
3.1600 1.1185
3.1800 1.1079
3.2000 1.1083
3.2200 1.1178
3.2400 1.1095
3.2600 1.1085
3.2800 1.0999
3.3000 1.0999
3.3200 1.1012
3.3400 1.0974
3.3600 1.0979
3.3800 1.0965
3.4000 1.0933
3.4200 1.0860
3.4400 1.0906
3.4600 1.0864
3.4800 1.0843
3.5000 0.0000
