0.0000 0.0000
0.0200 0.0000
0.0400 0.0000
0.0600 0.0000
0.0800 0.0000
0.1000 0.0000
0.1200 0.0000
0.1400 0.0000
0.1600 0.0000
0.1800 0.0000
0.2000 0.0000
0.2200 0.0000
0.2400 0.0000
0.2600 0.0000
0.2800 0.0000
0.3000 0.0000
0.3200 0.0000
0.3400 0.0000
0.3600 0.0000
0.3800 0.0000
0.4000 0.0000
0.4200 0.0000
0.4400 0.0000
0.4600 0.0000
0.4800 0.0000
0.5000 0.0000
0.5200 0.0000
0.5400 0.0000
0.5600 0.0000
0.5800 0.0000
0.6000 0.0000
0.6200 0.0000
0.6400 0.0000
0.6600 0.0000
0.6800 0.0000
0.7000 0.0000
0.7200 0.0000
0.7400 0.0000
0.7600 0.0000
0.7800 0.0000
0.8000 0.0000
0.8200 0.0000
0.8400 0.0000
0.8600 0.0000
0.8800 0.0009
0.9000 0.0111
0.9200 0.0569
0.9400 0.2040
0.9600 0.5236
0.9800 0.9996
1.0000 1.5608
1.0200 2.1172
1.0400 2.5066
1.0600 2.7474
1.0800 2.9096
1.1000 2.9373
1.1200 2.8471
1.1400 2.7436
1.1600 2.6184
1.1800 2.5059
1.2000 2.3374
1.2200 2.1588
1.2400 2.0579
1.2600 1.9183
1.2800 1.8187
1.3000 1.7185
1.3200 1.6478
1.3400 1.5419
1.3600 1.4741
1.3800 1.4169
1.4000 1.3617
1.4200 1.3169
1.4400 1.2939
1.4600 1.2294
1.4800 1.2205
1.5000 1.1836
1.5200 1.1592
1.5400 1.1370
1.5600 1.1299
1.5800 1.1184
1.6000 1.1064
1.6200 1.0964
1.6400 1.0915
1.6600 1.0891
1.6800 1.0986
1.7000 1.0943
1.7200 1.1011
1.7400 1.0939
1.7600 1.1163
1.7800 1.1366
1.8000 1.1623
1.8200 1.1551
1.8400 1.1811
1.8600 1.1850
1.8800 1.1981
1.9000 1.2291
1.9200 1.2387
1.9400 1.2508
1.9600 1.2735
1.9800 1.2943
2.0000 1.3061
2.0200 1.3221
2.0400 1.3333
2.0600 1.3515
2.0800 1.3521
2.1000 1.3598
2.1200 1.3670
2.1400 1.3774
2.1600 1.3651
2.1800 1.3657
2.2000 1.3446
2.2200 1.3369
2.2400 1.3229
2.2600 1.3255
2.2800 1.3127
2.3000 1.3098
2.3200 1.2881
2.3400 1.2796
2.3600 1.2692
2.3800 1.2545
2.4000 1.2493
2.4200 1.2414
2.4400 1.2353
2.4600 1.2290
2.4800 1.2186
2.5000 1.2143
2.5200 1.2011
2.5400 1.1876
2.5600 1.1801
2.5800 1.1743
2.6000 1.1830
2.6200 1.1762
2.6400 1.1718
2.6600 1.1667
2.6800 1.1667
2.7000 1.1635
2.7200 1.1704
2.7400 1.1700
2.7600 1.1629
2.7800 1.1600
2.8000 1.1734
2.8200 1.1699
2.8400 1.1733
2.8600 1.1784
2.8800 1.1762
2.9000 1.1724
2.9200 1.1750
2.9400 1.1838
2.9600 1.1803
2.9800 1.1878
3.0000 1.1774
3.0200 1.1784
3.0400 1.1838
3.0600 1.1777
3.0800 1.1862
3.1000 1.1744
3.1200 1.1791
3.1400 1.1785
3.1600 1.1675
3.1800 1.1690
3.2000 1.1725
3.2200 1.1670
3.2400 1.1624
3.2600 1.1612
3.2800 1.1674
3.3000 1.1662
3.3200 1.1602
3.3400 1.1517
3.3600 1.1538
3.3800 1.1490
3.4000 1.1479
3.4200 1.1456
3.4400 1.1343
3.4600 1.1363
3.4800 1.1451
3.5000 0.0000
