0.0000 0.0000
0.0200 0.0000
0.0400 0.0000
0.0600 0.0000
0.0800 0.0000
0.1000 0.0000
0.1200 0.0000
0.1400 0.0000
0.1600 0.0000
0.1800 0.0000
0.2000 0.0000
0.2200 0.0000
0.2400 0.0000
0.2600 0.0000
0.2800 0.0000
0.3000 0.0000
0.3200 0.0000
0.3400 0.0000
0.3600 0.0000
0.3800 0.0000
0.4000 0.0000
0.4200 0.0000
0.4400 0.0000
0.4600 0.0000
0.4800 0.0000
0.5000 0.0000
0.5200 0.0000
0.5400 0.0000
0.5600 0.0000
0.5800 0.0000
0.6000 0.0000
0.6200 0.0000
0.6400 0.0000
0.6600 0.0000
0.6800 0.0000
0.7000 0.0000
0.7200 0.0000
0.7400 0.0000
0.7600 0.0000
0.7800 0.0000
0.8000 0.0000
0.8200 0.0000
0.8400 0.0000
0.8600 0.0004
0.8800 0.0072
0.9000 0.0731
0.9200 0.3504
0.9400 0.9984
0.9600 1.9602
0.9800 2.9176
1.0000 3.5932
1.0200 3.8038
1.0400 3.6622
1.0600 3.3198
1.0800 2.8518
1.1000 2.4035
1.1200 2.0089
1.1400 1.6668
1.1600 1.3700
1.1800 1.1470
1.2000 0.9714
1.2200 0.8267
1.2400 0.7189
1.2600 0.6318
1.2800 0.5689
1.3000 0.5159
1.3200 0.4809
1.3400 0.4532
1.3600 0.4315
1.3800 0.4206
1.4000 0.4157
1.4200 0.4168
1.4400 0.4248
1.4600 0.4314
1.4800 0.4441
1.5000 0.4657
1.5200 0.4919
1.5400 0.5236
1.5600 0.5666
1.5800 0.6127
1.6000 0.6640
1.6200 0.7315
1.6400 0.8112
1.6600 0.8908
1.6800 0.9702
1.7000 1.0611
1.7200 1.1257
1.7400 1.1931
1.7600 1.2730
1.7800 1.3184
1.8000 1.3375
1.8200 1.3548
1.8400 1.3624
1.8600 1.3542
1.8800 1.3497
1.9000 1.3292
1.9200 1.3268
1.9400 1.3281
1.9600 1.3295
1.9800 1.3333
2.0000 1.3188
2.0200 1.3014
2.0400 1.2698
2.0600 1.2291
2.0800 1.1786
2.1000 1.1209
2.1200 1.0608
2.1400 1.0031
2.1600 0.9396
2.1800 0.8904
2.2000 0.8383
2.2200 0.7949
2.2400 0.7551
2.2600 0.7274
2.2800 0.7072
2.3000 0.6950
2.3200 0.6820
2.3400 0.6798
2.3600 0.6855
2.3800 0.7001
2.4000 0.7189
2.4200 0.7414
2.4400 0.7718
2.4600 0.7999
2.4800 0.8427
2.5000 0.8836
2.5200 0.9254
2.5400 0.9732
2.5600 1.0218
2.5800 1.0650
2.6000 1.1045
2.6200 1.1342
2.6400 1.1661
2.6600 1.1953
2.6800 1.2155
2.7000 1.2263
2.7200 1.2281
2.7400 1.2310
2.7600 1.2162
2.7800 1.2088
2.8000 1.1849
2.8200 1.1687
2.8400 1.1461
2.8600 1.1195
2.8800 1.0952
2.9000 1.0749
2.9200 1.0470
2.9400 1.0291
2.9600 1.0150
2.9800 0.9984
3.0000 0.9824
3.0200 0.9665
3.0400 0.9501
3.0600 0.9329
3.0800 0.9215
3.1000 0.9078
3.1200 0.8995
3.1400 0.8841
3.1600 0.8732
3.1800 0.8680
3.2000 0.8597
3.2200 0.8606
3.2400 0.8557
3.2600 0.8602
3.2800 0.8694
3.3000 0.8809
3.3200 0.8901
3.3400 0.9038
3.3600 0.9293
3.3800 0.9437
3.4000 0.9703
3.4200 0.9962
3.4400 1.0133
3.4600 1.0322
3.4800 1.0585
3.5000 0.0000
