0.0000 0.0000
0.0200 0.0000
0.0400 0.0000
0.0600 0.0000
0.0800 0.0000
0.1000 0.0000
0.1200 0.0000
0.1400 0.0000
0.1600 0.0000
0.1800 0.0000
0.2000 0.0000
0.2200 0.0000
0.2400 0.0000
0.2600 0.0000
0.2800 0.0000
0.3000 0.0000
0.3200 0.0000
0.3400 0.0000
0.3600 0.0000
0.3800 0.0000
0.4000 0.0000
0.4200 0.0000
0.4400 0.0000
0.4600 0.0000
0.4800 0.0000
0.5000 0.0000
0.5200 0.0000
0.5400 0.0000
0.5600 0.0000
0.5800 0.0000
0.6000 0.0000
0.6200 0.0000
0.6400 0.0000
0.6600 0.0000
0.6800 0.0000
0.7000 0.0000
0.7200 0.0000
0.7400 0.0000
0.7600 0.0000
0.7800 0.0000
0.8000 0.0000
0.8200 0.0000
0.8400 0.0001
0.8600 0.0004
0.8800 0.0055
0.9000 0.0599
0.9200 0.2853
0.9400 0.8339
0.9600 1.7131
0.9800 2.6681
1.0000 3.4234
1.0200 3.7861
1.0400 3.7696
1.0600 3.5178
1.0800 3.1125
1.1000 2.6376
1.1200 2.2037
1.1400 1.8089
1.1600 1.4840
1.1800 1.2073
1.2000 0.9813
1.2200 0.8207
1.2400 0.6876
1.2600 0.5998
1.2800 0.5301
1.3000 0.4753
1.3200 0.4420
1.3400 0.4164
1.3600 0.3972
1.3800 0.4016
1.4000 0.4050
1.4200 0.4107
1.4400 0.4209
1.4600 0.4405
1.4800 0.4631
1.5000 0.4799
1.5200 0.5078
1.5400 0.5354
1.5600 0.5557
1.5800 0.5867
1.6000 0.6277
1.6200 0.6677
1.6400 0.7200
1.6600 0.7844
1.6800 0.8568
1.7000 0.9354
1.7200 1.0216
1.7400 1.1162
1.7600 1.2069
1.7800 1.2833
1.8000 1.3613
1.8200 1.3988
1.8400 1.4348
1.8600 1.4514
1.8800 1.4436
1.9000 1.4327
1.9200 1.4182
1.9400 1.3979
1.9600 1.3921
1.9800 1.3810
2.0000 1.3723
2.0200 1.3544
2.0400 1.3248
2.0600 1.2851
2.0800 1.2323
2.1000 1.1747
2.1200 1.1075
2.1400 1.0370
2.1600 0.9627
2.1800 0.8886
2.2000 0.8239
2.2200 0.7700
2.2400 0.7186
2.2600 0.6821
2.2800 0.6548
2.3000 0.6292
2.3200 0.6205
2.3400 0.6128
2.3600 0.6183
2.3800 0.6320
2.4000 0.6525
2.4200 0.6783
2.4400 0.7131
2.4600 0.7545
2.4800 0.7965
2.5000 0.8462
2.5200 0.9012
2.5400 0.9509
2.5600 1.0065
2.5800 1.0641
2.6000 1.1105
2.6200 1.1504
2.6400 1.1928
2.6600 1.2231
2.6800 1.2453
2.7000 1.2645
2.7200 1.2745
2.7400 1.2706
2.7600 1.2696
2.7800 1.2520
2.8000 1.2340
2.8200 1.2267
2.8400 1.2004
2.8600 1.1684
2.8800 1.1442
2.9000 1.1141
2.9200 1.0834
2.9400 1.0555
2.9600 1.0308
2.9800 1.0045
3.0000 0.9784
3.0200 0.9650
3.0400 0.9445
3.0600 0.9258
3.0800 0.9086
3.1000 0.8952
3.1200 0.8819
3.1400 0.8680
3.1600 0.8496
3.1800 0.8410
3.2000 0.8281
3.2200 0.8255
3.2400 0.8174
3.2600 0.8169
3.2800 0.8189
3.3000 0.8196
3.3200 0.8318
3.3400 0.8494
3.3600 0.8689
3.3800 0.8980
3.4000 0.9259
3.4200 0.9593
3.4400 0.9902
3.4600 1.0228
3.4800 1.0576
3.5000 0.0000
